760
1750
790
5790
1840
580
550
3220
3240
30
1110
130
1540
1010
2990
970
3860
750
1460
2140
820
640
90
450
1820
1270
670
3460
2010
880
200
1070
2170
580
190
1290
5620
1110
3560
550
3010
910
850
2560
1490
6310
840
690
10
2080
510
5700
6300
1310
3060
700
320
190
400
650
2210
1820
1940
1260
1030
5160
900
310
2230
4010
1540
6340
630
3530
4370
470
1620
3020
2920
710
1750
4250
770
410
2040
460
1000
4310
2820
220
1730
4800
2620
2160
3060
6310
3740
2830
470
590
1290
2280
180
40
120
2170
3470
700
2420
7100
1010
470
880
970
2360
3350
1010
600
500
760
2430
3530
1600
7830
1600
3190
600
1540
2150
1100
2360
2860
2390
740
1420
670
1570
1390
1330
1900
2250
110
2050
2760
3170
1890
570
980
2690
450
2100
1290
2090
2640
1720
860
1560
3320
4440
2240
550
3170
1620
860
1030
1710
4890
1770
300
7540
20
1300
3050
1410
9470
1120
1350
1100
2150
2890
9510
2230
170
2480
2520
850
3450
3760
4220
310
820
1010
1240
30
940
50
2420
2770
7310
810
6510
2400
6720
920
1070
4600
1780
970
840
1490
2350
1560
2460
1430
1630
2230
380
1520
1860
300
920
370
3920
5120
180
960
1930
7930
470
190
3330
140
5370
2600
450
170
1100
240
3950
3410
1410
470
4960
3070
1380
6390
5210
330
4500
120
610
2690
1970
2100
3000
710
2660
3650
1800
3440
1500
1530
1040
370
2240
1280
1380
2520
6710
1170
1380
2280
1950
1150
4210
2300
270
750
11220
2990
200
690
1890
1260
480
1720
560
2160
1810
850
250
3770
2870
40
2640
1040
3160
510
450
1670
1770
190
720
3520
590
1120
3810
2470
610
620
290
920
860
40
580
1870
4560
1990
4290
800
530
1300
640
1750
1490
1230
1290
20
570
1350
5680
1950
170
320
1210
2240
520
2000
1140
4480
1070
10
4670
1890
970
5160
6880
1580
2720
320
1440
1270
650
720
920
6680
130
6030
280
100
1440
7460
4080
3420
2140
1420
3060
4070
1620
3590
3320
2120
890
10
40
3970
170
250
850
660
180
1160
330
4000
6600
740
1250
5470
2140
5530
780
4740
980
1410
1790
250
3830
2960
3730
2560
420
1860
1700
1110
2850
160
860
540
1130
1290
1190
1160
3600
1230
1160
2760
2400
4520
2340
850
2900
2030
5170
1360
1440
870
1640
430
2050
5630
1770
5360
2350
2010
140
1890
3630
900
2380
700
1230
3840
7940
60
3710
1220
2660
2280
1860
220
1420
280
540
300
450
2640
670
270
570
4670
100
2260
2670
2210
6520
3500
3650
2870
2080
2840
1160
70
1420
11210
6300
1590
3390
5560
5570
90
5900
510
520
1790
3260
270
770
2380
2540
2800
810
2970
5870
8190
2410
430
1070
650
20
2430
1280
1180
250
880
310
4060
740
1350
6200
5100
1750
3010
4520
2270
2210
1860
70
460
2320
560
2350
1450
4200
3150
3970
1670
690
1160
13940
1140
740
1090
300
830
6140
960
330
7460
780
200
390
3100
2210
290
400
2180
2350
1590
4090
290
3120
9620
5230
1100
7230
700
110
2250
2060
320
1430
170
700
1710
2430
2600
150
1360
1560
7840
4280
470
960
3960
1490
2540
520
2080
70
3350
750
2730
630
480
320
140
2960
930
2020
2140
0
600
440
60
1270
2160
2170
1440
1030
340
3170
2160
1260
60
1940
1720
1820
950
340
3530
2690
3530
3670
210
420
1110
2090
940
1550
600
1960
210
260
3310
1400
130
900
1140
990
80
130
2900
2180
280
660
950
330
8940
1000
480
1320
2220
340
810
710
4420
1290
240
5080
120
2380
600
4450
1760
2990
530
1830
4120
740
460
1680
50
2280
190
490
1150
640
1540
1030
4980
4020
1440
5090
2160
3120
110
4020
440
190
1610
1660
610
4670
280
3170
1530
5220
550
4840
2520
990
840
370
3840
2380
720
640
1390
770
1420
1700
4600
7680
110
670
120
400
4030
0
2530
3010
100
7760
11030
6570
1290
70
7390
1850
970
470
760
1340
20
2270
710
4140
950
990
4540
540
3670
150
1450
970
1230
3040
3170
2080
2560
2020
1610
2150
2650
330
280
1460
1340
320
3980
1670
760
1460
5110
3040
7030
1310
1350
3810
5840
1190
2070
710
5580
1010
2490
2270
3490
2620
1530
5990
530
650
1300
240
570
4370
2160
1820
1510
6510
690
1650
470
1520
680
750
930
910
90
5620
2120
230
130
6910
160
70
440
3410
500
1900
1290
1360
2600
4480
4410
90
430
2190
2530
1290
190
1240
3900
2350
690
2870
2680
2240
30
170
170
320
1210
2560
5180
1400
3300
1810
1070
420
3520
1380
380
1960
3620
250
380
150
4430
3160
2710
50
2070
790
310
840
30
270
3400
4550
1490
1890
1770
1100
1460
4500
730
20
2690
2890
660
320
1840
3600
2620
840
860
450
530
4570
2000
290
350
220
1050
340
7550
2070
6810
1710
840
7350
80
3370
670
1910
4390
5490
2810
610
3520
2980
4230
380
370
90
1840
2630
1470
710
400
860
250
1400
380
3550
1300
3110
3410
1260
4010
470
180
2490
1570
700
740
5250
860
620
1980
20
3390
1790
0
100
2200
2510
5240
130
120
3430
650
3720
2830
530
2130
4890
1770
3240
230
1940
2190
2070
2990
4380
2780
1380
110
8800
1040
880
500
1660
30
970
1040
4120
850
2390
9320
1470
6320
3760
40
4730
1100
13570
3100
6050
1210
0
450
1830
2880
140
760
210
1120
50
3330
870
220
1290
120
3630
5090
3540
1700
2390
450
860
1520
2730
450
1880
250
1910
10230
3380
2750
50
910
760
390
750
680
2030
310
530
4200
6960
2090
6660
2860
4890
490
2270
2940
2300
2450
1400
5460
180
3850
2800
80
6630
890
1180
260
2020
1260
4890
2690
3410
380
4120
100
30
1330
620
1460
1450
2810
2870
300
3300
1100
3500
3940
1120
3990
270
6160
570
30
290
1220
1750
190
2460
2060
4430
1420
1400
1120
1420
1210
1220
600
160
1040
3150
2020
750
110
980
370
1760
1260
120
630
3020
100
1890
2870
750
910
2830
470
370
680
340
1120
750
470
50
3280
950
1310
1410
4190
1040
840
4260
1140
2360
3060
1350
2100
560
550
920
1260
7010
1080
490
520
660
840
200
340
6250
1940
70
5360
6760
1910
3240
660
4740
2170
4120
1420
2160
1070
860
1870
260
600
1770
1710
1350
240
2080
2070
870
870
1680
5500
760
700
310
1300
3230
8960
980
1730
1580
3430
2190
1510
3970
1350
1530
640
3830
220
1820
3480
280
1190
1810
2450
2880
330
2060
310
970
1480
390
1250
1290
120
1130
3330
7540
960
370
2150
3430
4490
2520
130
2390
1870
490
1520
2460
130
2090
240
290
1150
6780
360
590
1990
1490
220
2110
980
1130
570
3960
40
11130
180
2550
4550
1000
4340
210
6860
1070
790
1470
320
4780
2160
7330
510
480
3010
890
3660
1060
1890
700
1100
170
1320
1430
920
460
1830
7550
2620
1380
730
1540
2170
110
2460
1440
2500
6140
470
1020
70
3070
740
3100
2580
1180
200
1580
760
740
600
670
6040
9590
3650
3750
420
2730
500
2620
1090
1830
200
860
1590
230
6390
1490
5160
1200
680
60
2080
700
1820
2070
1510
30
300
1000
4120
3330
1650
1670
4790
7140
150
2820
3730
920
10
5480
1400
850
670
4390
3160
3370
5010
340
1150
2770
330
3170
510
2160
880
210
1330
200
430
1250
1080
1520
50
300
130
2170
2360
1870
750
760
80
230
150
460
290
1330
940
350
1920
940
10
1290
210
1720
920
730
1200
1870
760
290
1110
700
860
1330
130
4530
10
730
1800
1460
3230
950
3680
1780
250
410
2230
440
3150
4370
1090
1370
40
3000
640
3760
4060
1820
15090
810
500
170
490
3800
1040
6510
120
330
460
490
6010
90
990
2140
620
2510
470
240
3760
2160
120
1780
0
2880
490
1290
4990
180
2320
0
3320
1340
4700
770
1080
3250
4730
2200
2770
2710
4750
0
860
700
4990
200
430
400
830
330
2120
450
720
2220
1590
650
5020
100
3490
4010
590
600
2280
1700
4700
3050
2740
560
2390
1820
2790
1040
760
4960
550
4800
110
610
90
4510
2600
1320
3700
4490
3970
890
20
250
2980
6210
1220
990
2800
680
4760
1630
4230
1930
3460
1640
400
3750
900
660
330
160
390
4210
700
7690
2720
270
3290
750
1650
430
2350
1800
2130
1030
1180
100
1000
2520
1290
2410
730
1760
2310
8440
1040
540
1090
1810
60
870
30
470
3770
100
2000
210
1650
740
1370
3890
2060
1750
4610
1810
2650
2490
590
600
140
220
1010
1500
780
1930
1960
2780
9600
1220
5470
3650
3430
7130
340
300
570
990
2790
3540
0
360
2680
4030
1160
2890
320
9190
2770
1510
620
2270
940
1000
1010
140
2520
270
1200
670
1000
8850
980
1240
200
9810
290
5600
4020
40
310
1050
520
2470
990
8060
870
3130
5790
210
20
100
2090
1310
630
120
6020
1690
1460
480
1220
2380
3930
11740
1860
1860
2160
4740
5890
720
600
1730
580
200
1350
100
2530
5020
4140
1000
510
710
310
2210
690
2960
6240
2560
60
3150
800
2020
830
930
1860
460
1320
60
1150
380
920
5940
1780
3360
3630
550
3060
60
5880
1290
2990
1410
2250
1250
4130
1360
130
150
590
3970
3450
1410
580
1740
2070
460
3320
2600
390
610
5050
4840
1870
610
1710
1000
1700
3630
5790
200
2500
2340
1580
390
1150
4780
1980
1710
440
2880
5030
180
6730
1100
2050
4300
3110
1520
5210
5030
1490
940
450
9960
1900
350
3610
640
2280
110
950
80
2780
130
1370
4450
5250
0
200
7750
1440
620
1530
0
5550
360
3420
740
4860
400
890
2460
10
3160
1800
2400
120
1300
2100
2080
170
40
1920
550
970
2860
870
2550
2810
20
2760
1040
340
740
2570
2120
2740
440
80
980
3450
290
1270
1210
1850
250
4190
4470
3410
310
8370
5360
1590
550
600
790
540
3280
730
1870
2320
2600
3490
80
2450
1010
210
110
5610
470
430
3900
310
4650
150
1650
1210
940
3050
2700
6640
1240
960
260
650
1630
1510
2110
50
5450
190
380
100
490
1600
3840
1740
90
2420
2520
2990
50
1280
2310
740
610
5900
2760
5230
90
1530
410
70
2100
3400
0
2940
180
1630
4850
4980
1400
250
1090
290
1540
780
1430
3030
12740
2970
200
2660
1100
900
1550
210
3070
630
320
2850
3910
420
1740
80
1600
760
1440
400
5470
590
2290
1220
1260
1670
2580
190
2660
320
850
3170
320
1080
300
1690
730
2270
750
5100
850
4760
380
1030
2360
2750
70
2860
4600
440
760
760
1460
410
6490
1740
2010
2110
1490
600
510
2620
3310
3980
600
1020
1400
350
170
2240
5990
4530
230
480
380
740
4200
3530
2800
690
1430
3040
3300
190
630
920
3630
950
2390
470
2500
290
300
4410
0
1430
160
290
520
3430
2390
3230
4260
6420
1800
70
880
4260
2720
700
2270
2870
3830
1160
200
150
1160
140
3030
1950
2040
430
3140
4660
100
2450
130
840
2980
700
7330
150
2880
4690
2960
1400
5590
1680
5070
2620
910
1430
920
1190
1360
3910
2570
6780
830
360
130
580
160
4970
460
230
40
1820
2320
260
950
2350
1040
1420
1700
4860
120
960
20
420
1990
1510
820
620
1260
4750
1050
1580
2840
8150
3030
1060
1950
4080
5690
6190
2410
1130
5100
1910
1270
1490
1660
4750
340
1180
1580
220
740
4200
390
2390
2460
1930
40
3300
1780
3590
100
820
2660
210
640
1280
2340
5180
3340
30
620
1230
1580
7210
540
10
2670
2880
14460
5570
990
2910
580
3390
910
540
3970
1550
1840
1690
460
2960
310
2580
4510
2540
480
1930
3850
4650
4480
2340
570
6340
120
1850
2800
3300
940
310
500
810
920
260
30
50
1660
350
380
5810
1440
960
1910
2490
3710
540
2810
1450
1850
740
700
3630
210
3700
5070
3120
910
920
3910
670
2680
7180
490
1430
3350
2570
380
70
520
80
6370
1620
5730
3240
6350
2760
2810
1340
40
40
1990
160
570
3880
1420
180
7260
640
1620
2330
2380
2590
300
1630
3990
1140
3630
2960
150
1330
1180
1560
970
710
6500
11220
180
260
4880
3660
220
100
1750
1600
1230
1830
1170
5860
1140
250
160
580
720
5340
2640
2700
570
4450
2060
890
460
2130
170
570
170
260
380
5120
440
700
7540
1920
1860
110
7050
1250
270
660
1630
4380
5630
1590
1280
10
890
520
3840
670
2630
270
4220
2430
7410
1510
610
1510
3840
9410
5620
3220
3480
2320
560
1350
250
1460
10100
3790
470
3740
2250
20
4440
2130
2960
710
2680
250
1120
90
4600
1730
480
160
7600
1460
2490
80
1770
140
600
20
930
3210
300
1230
2510
1700
2970
740
10
780
350
3540
630
1350
1550
490
1160
620
1210
2950
1380
740
5170
2140
3990
800
3330
4570
2400
320
140
190
2050
680
2530
4770
120
480
2660
2320
1100
400
1650
10250
2860
1610
1310
570
870
1820
740
760
950
530
1060
820
1140
150
1960
3420
960
120
1380
2780
720
440
370
180
4550
2960
12470
1130
2750
7360
1160
4080
870
1700
6060
1610
930
3950
2670
300
2970
660
2360
640
300
2080
4400
4670
290
130
2500
370
980
130
5130
270
5110
1160
2230
130
2870
4620
980
240
210
20
1150
300
610
590
3650
1290
1470
3250
940
80
450
4760
360
2870
740
3630
4660
2150
1460
490
4210
1690
400
1550
1260
320
330
1060
150
1440
630
1730
7110
300
570
280
5640
960
12730
4630
2300
5730
880
570
3420
4570
390
100
1200
2050
1780
7600
960
1220
2760
330
1260
2420
390
230
1670
1790
330
4240
640
80
40
2070
6460
2340
3730
2160
1100
180
4420
2220
5100
2480
3570
540
270
1150
2170
6990
1990
490
5390
210
1140
540
4360
1800
1500
740
430
90
540
4010
3230
930
100
360
610
110
2240
1070
500
2700
2480
5170
7040
70
450
2380
310
1590
810
1040
2980
5160
100
290
280
660
2910
1630
1980
4140
670
890
1930
240
30
1540
3770
670
2930
970
1080
2170
2070
160
110
3380
1460
880
1890
1860
2280
2980
850
540
30
260
1000
3350
800
350
1930
5980
2410
1500
160
660
5830
340
40
3620
10430
50
2270
3830
4860
650
1050
2430
12410
420
220
940
520
890
110
640
3670
220
1300
1640
0
2380
1330
550
5520
510
1670
1550
2890
2580
5750
240
3500
2880
800
3780
7250
4910
530
1420
730
340
2430
4410
1210
380
1290
290
640
1530
2360
700
610
3800
1630
5150
740
1550
2710
780
1820
50
430
3070
290
220
1500
1930
2570
990
3250
2650
290
1330
1870
5270
4460
2090
820
390
3410
160
810
20
1360
2040
710
700
1500
1270
2020
680
460
900
410
3610
860
2790
2490
340
7250
6900
2040
2270
1120
2150
4080
240
1780
610
120
540
450
980
2290
130
8230
1100
2190
560
470
390
590
270
150
110
760
220
3640
780
1310
950
0
2590
6200
2070
680
2650
1210
1490
3750
700
650
1970
1700
3620
1840
50
2350
1730
2000
960
1250
7780
520
340
3080
150
2620
3290
1460
3440
700
30
50
5270
1130
4710
1080
2480
1400
590
1920
4150
3580
1100
4890
900
4950
4180
2340
1700
660
4560
4700
1450
510
1550
3350
590
760
1150
1630
2550
1070
1380
440
5310
1830
1480
5210
1870
650
4650
470
5950
290
1830
1970
1000
5580
1780
9790
980
3400
1620
840
140
3500
1550
3930
40
830
2140
1170
4570
4680
1720
8110
1050
1910
3490
950
1360
200
1210
3500
1050
240
240
610
2700
550
1930
450
820
7870
1060
2680
250
40
1410
250
410
1660
310
370
3470
1420
10
2870
600
190
1480
330
5490
2960
2890
60
4330
1120
1170
870
3190
1830
110
4420
3020
410
1060
1070
3930
920
1990
2610
5540
630
890
2450
1690
2010
910
20
3540
760
710
4400
2390
1390
780
2220
6970
3450
40
2320
4350
710
5210
1670
980
3630
620
5150
2600
4270
3530
2060
2070
4310
1730
260
360
8080
2660
1280
790
3840
7790
810
1210
5050
1280
7530
2010
1010
40
50
10
2720
1380
2610
5500
3420
2850
570
3300
1150
7800
70
180
1500
7830
8150
4680
1250
3010
1650
990
4190
1960
1850
2680
4240
880
560
1380
250
4440
7100
1800
160
1820
2870
2200
2570
2950
160
320
2430
910
6020
2490
410
3020
1250
1380
90
1810
1280
1350
5690
2390
60
610
3020
6200
3300
470
2370
5910
50
6410
380
2280
4250
1520
310
3420
3150
550
2330
1940
1960
2500
880
2300
1240
450
1080
5930
6240
3500
3400
6950
3680
1520
1660
1210
2410
240
590
510
740
3450
310
320
3020
500
170
1950
5820
970
1510
2060
2830
470
3410
2460
370
1280
400
2910
3000
730
640
570
1080
570
2080
1690
1600
1960
250
680
1710
2330
3810
2370
8400
2760
2750
3270
320
130
930
150
2110
4570
1420
210
1880
2310
170
690
2620
70
1570
750
4350
750
3000
300
120
2310
6730
2190
3130
2140
220
1760
390
3090
350
830
80
900
2890
1610
160
200
5290
440
810
2960
4570
30
860
1600
530
2840
860
90
3220
150
190
240
1110
1410
1650
5300
2340
240
6070
2370
5990
1200
630
3880
1000
2800
1810
150
210
4030
1780
1520
2390
1300
2680
1050
4690
1280
3570
5050
860
5340
2280
5020
4060
2370
1220
1070
570
1680
1510
180
820
1120
340
1470
4740
2640
1470
1420
200
290
170
3530
2900
790
6850
3830
1890
1300
2790
2200
3080
760
1840
3570
3610
1770
1610
700
100
5780
1900
5460
60
1200
1020
920
1040
2230
160
1640
520
1250
570
4110
1030
100
1700
310
620
2140
1120
120
730
5010
750
530
220
1940
610
5030
3620
560
3880
1660
1850
2850
2910
3910
1720
1040
1970
3490
2580
30
2100
4090
2910
6740
3220
760
670
2650
1970
7690
5870
1580
2910
400
230
1600
2880
1290
10
3220
420
3870
4930
2780
13210
6370
480
480
1400
2250
1880
3990
700
670
5470
50
1270
1320
2270
1180
490
360
3530
740
1340
2720
910
130
470
970
170
2360
5160
580
4800
2090
140
5640
320
1750
3110
350
4330
110
5440
5530
6080
4270
1050
1450
1600
1260
4390
3470
4300
480
580
4790
5320
2930
320
5120
3110
80
4140
2600
740
830
2810
3090
1020
880
100
2000
4600
3530
2960
2520
3740
0
2420
3880
7480
2900
3430
2530
980
5200
230
920
160
2830
5280
590
410
660
3970
1710
990
3480
200
1160
1740
190
930
520
1730
1630
550
1960
160
1970
710
3230
6630
5740
500
1650
1220
5340
2420
820
2220
2790
3230
280
2570
2390
2330
610
800
1760
680
950
3750
4210
690
2130
3920
4290
5260
2310
1620
230
300
1340
0
220
400
680
2310
150
330
990
6670
650
2860
8120
830
220
1930
390
1340
10
500
430
1870
1350
60
570
800
1050
1510
2080
290
270
730
310
1900
460
1060
160
1080
460
1340
2920
3560
1060
240
2820
1590
4700
200
800
2670
1070
440
210
2720
470
3650
860
2450
110
4050
3910
970
3180
670
340
590
970
5030
0
2200
300
630
3390
3550
470
950
2650
270
390
140
780
600
1810
2960
120
500
1030
850
2470
590
10
3220
740
2370
110
1410
1200
680
3660
2050
290
730
1860
440
400
6970
950
1220
5600
700
6620
290
2080
6020
4340
360
350
850
2740
11330
3930
110
320
1190
1550
1100
7580
2110
3220
3540
160
1270
180
2900
1320
680
7570
560
1120
580
3200
1180
250
1050
1490
1700
800
1510
1230
640
5400
1580
5360
1520
570
2430
2940
300
1890
3010
1930
2850
160
3170
3440
630
630
410
2940
1520
4680
910
280
870
1430
390
1350
1160
11350
860
2550
310
60
770
2890
2690
2820
820
700
1040
680
2710
50
4880
1880
1560
5370
4130
3400
2380
1160
1020
1120
2240
170
510
540
4400
4650
170
2060
1250
190
1060
1470
4980
6650
1430
6770
1090
1120
1360
0
870
1940
4900
1820
240
1450
870
2280
1020
150
1310
360
3660
890
5290
5240
790
3900
70
1580
1760
760
720
1330
1870
260
3950
300
1690
2490
1290
3370
80
200
4570
150
990
950
1400
630
2240
1620
270
1620
1100
900
400
310
3380
670
650
3770
2230
820
2860
400
5090
1050
3680
2100
5610
3090
3050
830
9110
3620
2530
2390
2060
810
790
1650
300
2900
2020
100
1670
2690
4980
1230
8270
2800
320
450
890
2710
230
450
820
3160
440
1050
930
600
1230
590
410
1140
170
440
2470
2280
330
1590
3360
2580
850
260
2390
2660
2800
990
3350
260
2840
580
2050
2430
1590
580
2650
2890
2380
2420
210
990
230
1110
16970
260
2630
6510
1080
120
2190
10
5380
130
1210
780
5660
3160
310
580
6380
470
1900
1670
2200
240
0
2800
80
3390
1680
5290
100
5300
920
100
7550
1830
3440
1510
540
40
4730
510
740
260
940
3440
2050
630
320
280
50
230
210
200
800
1170
3940
1350
1260
290
6870
4350
1140
1160
650
1290
1810
3700
80
4870
2220
1390
100
2970
8120
5650
1690
1930
1210
270
930
1470
350
2380
2930
2020
2100
210
2080
740
7150
1800
6100
790
7400
110
2690
1520
2790
5010
5820
8000
180
3450
8830
480
4540
110
790
2900
1560
5010
3700
2500
130
1160
3370
1930
570
300
4100
430
940
2360
1630
1930
2120
4480
1840
5010
5210
1130
690
8060
1240
350
2270
0
250
1540
1390
1050
8840
770
1770
680
1370
10300
2280
2000
9120
1380
380
560
2830
220
480
80
4420
780
330
2310
410
30
300
670
7100
400
870
870
10
220
0
260
1030
920
610
2460
4480
2210
2610
2290
460
1020
2530
450
1480
2320
5440
1320
290
310
3530
520
520
2870
1090
220
3200
1020
280
2510
610
390
4040
1410
650
1580
470
5510
380
3500
1240
1330
1760
3800
1230
160
3860
390
1150
570
5880
3230
120
6350
6660
7790
240
550
680
1990
10000
6750
780
4700
1210
1860
4400
180
1390
3230
2130
1960
4120
360
10
670
1520
760
130
1190
660
30
2360
3960
2160
4670
1190
760
2320
3930
4290
80
140
1250
2730
750
2720
5450
3550
320
2260
1350
9980
2040
2220
0
1350
830
3420
1290
860
270
850
670
2100
1500
1390
1790
100
1800
130
2330
3940
530
100
2300
460
690
50
510
2870
160
1010
1200
8260
5000
1120
3450
5210
530
10
2650
1310
220
5080
1490
1850
3740
430
320
3050
1300
3490
5000
100
6260
8040
890
2160
1960
1020
80
3090
2000
840
310
610
1120
360
330
560
540
870
1620
2270
70
730
690
870
6870
2950
4190
2090
750
120
440
6500
190
430
1490
730
1380
3160
990
560
7300
3540
2440
650
1670
1210
920
5040
1580
1450
120
6490
5600
1940
830
20
1440
1280
2400
7280
3490
700
630
1700
1300
360
790
30
1550
1350
1310
2480
3230
4380
8620
850
2480
1680
2920
590
660
2290
8220
840
3530
660
1280
970
2560
800
1900
3830
9980
560
50
2130
270
5510
1020
570
100
660
740
560
900
3570
80
1010
7170
290
680
470
2600
8360
780
20
3110
7610
2700
4750
1960
10
110
3100
1470
1790
60
5100
150
1590
260
100
3830
2420
5590
470
2200
4030
160
400
160
1770
520
1410
500
2700
870
170
1850
200
3990
1000
2690
1420
250
2000
2050
420
650
950
4650
3760
1160
12180
3000
1190
1880
4540
990
2780
1240
640
30
7650
610
1490
5290
2920
450
2940
2580
2780
1720
450
210
5880
2090
1670
1310
2080
8000
1420
2600
3150
1810
3330
20
530
520
670
980
1810
2730
50
1830
4150
2840
2170
790
7810
290
950
480
1810
810
880
5050
220
2690
750
940
30
3410
170
1830
3970
350
40
2680
1010
3680
1490
380
1760
1100
2850
2640
120
1430
3730
810
5980
280
410
1280
1140
4410
1650
970
30
480
20
590
11490
460
2200
730
110
3150
8400
1650
1650
2220
270
30
320
500
4600
2440
220
690
4440
440
380
1640
1630
420
2500
360
1760
5440
940
860
990
430
570
860
2400
1110
1370
1150
0
230
1000
11300
2150
640
9130
6180
4730
1770
160
480
1390
1870
330
5020
380
610
480
1050
2130
4050
790
700
1420
2110
2420
210
270
970
1440
2240
470
3450
2780
2340
2720
1090
2520
680
1350
670
4720
10
570
1980
740
1090
3610
510
1970
190
2180
9060
1520
610
900
70
1100
1090
2630
60
3780
660
1000
2410
710
290
120
840
0
4520
4450
1040
1160
980
9230
1110
10590
1890
1800
1270
1810
1940
1590
280
2250
4910
2980
190
2420
2230
1230
1150
6690
20480
2560
4560
460
1030
1700
1390
920
2230
240
1110
1120
1440
190
1850
140
2070
360
2300
1480
2140
4770
500
4770
