1.52532e+09
1.09622e+09
1.87899e+09
1.00098e+09
9.72149e+08
1.13625e+09
1.41506e+09
2.03417e+09
1.03128e+09
6.34264e+08
8.25364e+07
1.72163e+09
1.33839e+09
8.55069e+08
2.1203e+09
2.84705e+08
6.39831e+08
1.13347e+09
1.53517e+09
1.4251e+09
5.23334e+08
1.7697e+09
1.18976e+09
7.11753e+08
1.51195e+08
1.8763e+09
1.44892e+09
7.8684e+08
1.65125e+09
1.38424e+09
1.42203e+09
7.50458e+08
2.16158e+07
1.18648e+09
1.173e+09
1.49265e+09
1.05921e+09
2.4929e+08
1.53243e+09
2.33987e+08
1.54414e+09
1.4796e+09
1.62643e+09
7.45985e+08
1.39926e+09
9.62055e+08
1.05487e+09
4.69586e+08
1.7237e+09
7.9673e+08
1.45832e+09
1.12236e+09
2.89626e+08
1.86463e+09
6.31468e+08
1.52058e+09
9.88663e+08
1.74698e+08
1.26338e+09
1.33526e+09
1.71104e+09
9.6929e+08
1.12376e+08
1.02244e+09
1.1685e+09
1.70624e+09
5.13848e+08
2.92671e+07
7.39089e+08
1.60866e+08
1.78099e+08
1.73205e+09
8.64541e+08
1.96077e+09
5.6167e+08
1.13164e+09
9.93085e+08
2.7553e+08
1.94338e+09
1.2087e+09
6.87058e+08
7.63981e+08
1.51496e+09
1.93134e+09
1.6021e+09
1.38557e+09
8.53523e+08
8.55721e+08
4.74632e+08
1.31616e+09
7.12155e+08
1.20826e+09
7.60599e+08
1.84909e+09
1.33222e+09
1.34945e+09
6.75645e+08
1.18421e+09
1.53401e+09
1.39822e+09
