1.22285e+09
2.06674e+09
1.67038e+09
1.43316e+09
9.85821e+08
8.07283e+07
1.15279e+09
5.33782e+08
1.80607e+07
1.22624e+09
1.41149e+09
2.7432e+08
8.39398e+08
3.39052e+08
1.6827e+09
7.25361e+08
1.97235e+09
6.56593e+08
1.55677e+09
1.96266e+09
1.55199e+09
2.01565e+09
9.28913e+08
7.30142e+08
1.17008e+09
1.82014e+09
1.52307e+09
2.93177e+08
1.79812e+09
8.98505e+08
1.52293e+09
3.22523e+07
1.37316e+08
1.87479e+09
2.31176e+08
4.60055e+08
1.97341e+08
1.7007e+09
6.60423e+08
4.86788e+08
8.35804e+08
1.43582e+09
1.2604e+09
1.51556e+09
1.75746e+09
7.12041e+07
1.77392e+09
1.76556e+09
1.79127e+08
7.30508e+07
1.28385e+08
7.43206e+08
4.02154e+08
8.13196e+08
1.81468e+09
9.08227e+07
1.36128e+09
5.09685e+08
1.16611e+09
6.42274e+08
1.76928e+09
1.69816e+09
3.32337e+08
1.9295e+09
1.01987e+09
3.1859e+08
1.03154e+09
2.05926e+09
8.19938e+08
8.38679e+08
8.47548e+07
1.30041e+09
7.17127e+08
1.29577e+09
1.47928e+09
4.15511e+08
1.88505e+09
1.87134e+09
2.5756e+08
1.27911e+09
1.04261e+09
1.53821e+08
1.10055e+09
1.93298e+09
1.13398e+09
1.94332e+09
3.85828e+08
9.38526e+08
8.18159e+08
2.43077e+08
3.34243e+08
1.90295e+09
3.21216e+08
1.29943e+09
1.45292e+09
1.69042e+09
5.38883e+08
1.10908e+09
1.07091e+09
9.06183e+08
