2.0389e+09
1.67404e+09
2.96257e+08
1.11608e+09
6.30129e+08
8.04604e+08
2.06796e+09
9.83693e+07
5.72684e+08
1.82191e+09
9.74688e+08
1.02949e+09
8.94978e+08
4.05322e+08
1.91739e+09
1.41995e+09
2.01653e+08
1.88849e+09
6.27379e+08
1.76766e+09
5.47305e+08
2.62251e+07
6.71857e+08
1.60526e+09
1.84752e+09
1.87394e+09
1.06064e+09
1.22336e+08
1.29113e+09
1.60847e+08
1.52947e+09
6.75204e+08
1.65915e+09
2.00727e+09
1.42306e+09
1.1988e+09
5.78939e+08
4.64523e+08
5.12258e+08
1.72835e+09
1.24547e+09
2.29458e+08
1.15563e+09
1.89631e+07
6.44306e+08
1.40825e+09
9.16205e+08
1.71887e+09
1.54548e+09
1.72728e+09
7.56981e+08
2.63166e+08
1.35734e+08
7.37318e+08
1.8131e+09
4.98739e+08
2.12827e+09
1.88448e+09
4.53002e+08
1.9828e+09
9.38711e+08
1.30655e+09
2.05579e+09
6.85761e+08
2.21951e+08
8.47068e+08
1.71802e+09
1.47849e+09
4.82325e+08
2.53289e+08
1.69342e+09
1.8839e+09
3.72659e+08
4.95551e+08
1.94061e+09
1.6767e+09
1.63454e+09
1.38081e+08
1.01855e+09
1.38215e+09
2.04397e+09
6.10881e+08
4.54626e+08
8.97097e+07
4.32313e+07
2.13882e+09
7.28263e+08
9.55793e+08
1.30841e+09
7.7821e+08
1.95805e+09
2.12014e+09
1.80331e+09
9.62732e+07
1.80341e+09
1.77547e+09
1.47806e+09
6.09388e+08
1.86864e+08
4.01703e+08
