70
170
70
580
180
50
50
320
320
0
110
10
150
100
300
90
380
70
210
140
80
60
0
40
180
120
60
340
200
80
20
210
100
50
10
560
130
350
110
50
300
80
90
250
140
80
630
0
200
70
630
50
570
130
300
10
70
40
30
60
220
190
180
120
100
510
30
90
150
220
400
60
630
350
430
40
300
160
290
70
170
420
70
40
200
40
430
100
20
280
170
480
210
260
300
630
280
370
50
40
120
210
10
220
0
10
340
70
710
240
100
40
80
100
230
90
330
50
60
160
70
780
240
350
160
320
60
210
150
110
230
280
240
140
70
130
60
150
140
220
10
190
200
90
310
270
50
270
190
210
40
120
210
260
170
80
150
330
80
50
310
440
220
100
160
170
170
490
30
750
0
130
300
950
140
110
110
130
210
220
290
950
10
250
240
80
340
30
370
420
100
80
0
90
120
270
0
240
730
80
240
670
650
90
170
100
460
90
80
150
230
140
240
150
160
150
220
30
180
30
90
30
390
790
510
10
190
90
40
330
10
530
40
10
260
10
110
20
390
340
140
40
490
130
640
300
520
30
450
10
60
270
190
210
300
70
260
