90
10
90
70
90
60
70
20
60
70
10
70
40
80
20
30
60
90
40
20
40
10
30
10
90
20
80
70
70
40
70
90
60
50
30
30
10
60
70
60
70
40
20
30
70
10
90
60
90
50
40
50
40
60
80
80
60
10
90
40
30
70
30
60
40
90
80
30
70
70
50
90
40
20
30
90
90
30
30
20
20
10
80
90
60
20
50
70
70
30
90
40
20
80
30
40
30
40
90
10
50
40
80
90
40
30
90
80
20
70
70
50
90
70
40
30
50
50
30
10
70
10
60
90
90
80
70
50
40
30
70
10
20
10
40
40
20
70
60
90
40
90
20
90
40
40
30
60
10
30
90
10
80
60
40
40
10
20
90
60
40
80
60
30
30
20
10
10
50
90
70
30
40
20
30
30
50
90
90
20
90
30
80
30
80
70
70
40
40
50
70
40
80
10
10
20
60
30
10
70
40
40
50
80
70
20
80
80
60
30
10
20
50
40
20
20
20
50
50
40
80
90
20
10
80
50
30
70
50
20
70
60
40
80
20
70
50
90
90
20
30
80
10
80
10
70
10
80
80
40
80
80
70
80
80
50
50
90
50
60
60
40
20
60
40
40
50
60
60
40
40
40
90
40
20
50
90
40
80
60
60
10
30
60
20
40
40
70
50
10
80
70
50
10
70
30
40
20
60
90
50
60
20
70
80
50
90
70
90
30
80
40
10
30
90
60
40
90
90
80
40
30
90
20
60
10
40
80
50
90
20
20
70
30
50
60
30
80
60
10
60
90
20
40
80
10
20
50
90
90
